AUC	MCC	ACC	F1	TPR	PPV	TNR	NPV	FNR	TP	TN	FN	FP
Submission 1.1	0.51	0.2	0.73	0.84	1	0.73	0.05	1	0	97	2	0	36
Submission 2.1	0.55	0.1	0.36	0.22	0.12	0.86	0.95	0.3	0.88	12	36	85	2
Submission 2.2	0.5	0.09	0.36	0.25	0.14	0.82	0.92	0.3	0.86	14	35	83	3
Submission 2.3	0.56	0.11	0.59	0.68	0.62	0.76	0.5	0.34	0.38	60	19	37	19
Submission 2.4	0.49	0.09	0.36	0.25	0.14	0.82	0.92	0.3	0.86	14	35	83	3
Submission 2.5	0.55	0.1	0.36	0.22	0.12	0.86	0.95	0.3	0.88	12	36	85	2
Submission 2.6	0.46	0.09	0.36	0.25	0.14	0.82	0.92	0.3	0.86	14	35	83	3
Submission 3.1	0.52	0.1	0.36	0.22	0.12	0.86	0.95	0.3	0.88	12	36	85	2
Submission 3.2	0.52	0.12	0.36	0.23	0.13	0.87	0.95	0.3	0.87	13	36	84	2
Submission 3.3	0.48	0.05	0.36	0.24	0.14	0.78	0.89	0.29	0.86	14	34	83	4
Submission 4.1	0.56	0.18	0.36	0.19	0.1	1	1	0.3	0.9	10	38	87	0
Submission 4.2	0.56	0.18	0.36	0.19	0.1	1	1	0.3	0.9	10	38	87	0
Submission 4.3	0.56	0.2	0.73	0.84	1	0.73	0.05	1	0	97	2	0	36
Submission 5.1	0.49	-0.02	0.45	0.51	0.4	0.71	0.58	0.28	0.6	39	22	58	16
