AUC	MCC	ACC	F1	TPR	PPV	TNR	NPV	FNR	TP	TN	FN	FP
Submission 1.1	0.53	0.24	0.61	0.71	0.89	0.58	0.3	0.71	0.11	49	15	6	35
Submission 2.1	0.38	-0.01	0.48	0.07	0.04	0.5	0.96	0.48	0.96	2	48	53	2
Submission 2.2	0.41	0.03	0.49	0.1	0.05	0.6	0.96	0.48	0.95	3	48	52	2
Submission 2.3	0.39	-0.01	0.48	0.07	0.04	0.5	0.96	0.48	0.96	2	48	53	2
Submission 2.4	0.41	0.03	0.49	0.1	0.05	0.6	0.96	0.48	0.95	3	48	52	2
Submission 2.5	0.4	-0.01	0.48	0.07	0.04	0.5	0.96	0.48	0.96	2	48	53	2
Submission 2.6	0.41	0.03	0.49	0.1	0.05	0.6	0.96	0.48	0.95	3	48	52	2
Submission 3.1	0.43	-0.1	0.47	0	0	0	0.98	0.47	1	0	49	55	1
Submission 3.2	0.43	-0.07	0.46	0.17	0.11	0.43	0.84	0.46	0.89	6	42	49	8
Submission 3.3	0.44	-0.05	0.47	0.2	0.13	0.47	0.84	0.47	0.87	7	42	48	8
Submission 4.1	0.54	0.19	0.51	0.14	0.07	1	1	0.5	0.93	4	50	51	0
Submission 4.2	0.53	0.19	0.51	0.14	0.07	1	1	0.5	0.93	4	50	51	0
Submission 4.3	0.56	0.22	0.59	0.51	0.4	0.69	0.8	0.55	0.6	22	40	33	10
Submission 5.1	0.5	0.01	0.5	0.39	0.31	0.53	0.7	0.48	0.69	17	35	38	15
