AUC	MCC	ACC	F1	TPR	PPV	TNR	NPV	FNR	TP	TN	FN	FP
Submission 1.1	0.57	0.2	0.95	0.98	0.97	0.98	0.25	0.2	0.03	142	1	4	3
Submission 2.1	0.7	0.16	0.71	0.82	0.71	0.99	0.75	0.07	0.29	103	3	43	1
Submission 2.2	0.75	0.22	0.81	0.89	0.81	0.99	0.75	0.1	0.19	118	3	28	1
Submission 2.3	0.71	0.16	0.71	0.82	0.71	0.99	0.75	0.07	0.29	103	3	43	1
Submission 2.4	0.78	0.21	0.79	0.88	0.79	0.99	0.75	0.09	0.21	116	3	30	1
Submission 2.5	0.64	0.09	0.55	0.7	0.54	0.99	0.75	0.04	0.46	79	3	67	1
Submission 2.6	0.74	0.18	0.75	0.86	0.75	0.99	0.75	0.08	0.25	110	3	36	1
Submission 3.1	0.51	0.12	0.38	0.53	0.36	1	1	0.04	0.64	53	4	93	0
Submission 3.2	0.55	0.13	0.42	0.58	0.4	1	1	0.04	0.6	59	4	87	0
Submission 3.3	0.68	0.34	0.97	0.99	0.99	0.98	0.25	0.5	0.01	145	1	1	3
Submission 4.1	0.61	0.15	0.83	0.91	0.84	0.98	0.5	0.08	0.16	123	2	23	2
Submission 4.2	0.61	0.11	0.78	0.87	0.79	0.98	0.5	0.06	0.21	115	2	31	2
Submission 4.3	0.68	0.19	0.88	0.94	0.89	0.98	0.5	0.11	0.11	130	2	16	2
Submission 5.1	0.84	0.23	0.68	0.8	0.67	1	1	0.08	0.33	98	4	48	0
