AUC	MCC	ACC	F1	TPR	PPV	TNR	NPV	FNR	TP	TN	FN	FP
Submission 1.1	0.46	0.08	0.78	0.14	0.09	0.33	0.95	0.8	0.91	1	41	10	2
Submission 2.1	0.61	0.27	0.81	0.17	0.09	1	1	0.81	0.91	1	43	10	0
Submission 2.2	0.66	0.28	0.81	0.29	0.18	0.67	0.98	0.82	0.82	2	42	9	1
Submission 2.3	0.66	0.33	0.72	0.48	0.64	0.39	0.74	0.89	0.36	7	32	4	11
Submission 2.4	0.72	0.37	0.72	0.52	0.73	0.4	0.72	0.91	0.27	8	31	3	12
Submission 2.5	0.56	0.27	0.81	0.17	0.09	1	1	0.81	0.91	1	43	10	0
Submission 2.6	0.66	0.32	0.78	0.45	0.45	0.45	0.86	0.86	0.55	5	37	6	6
Submission 3.1	0.49	-0.07	0.78	0	0	0	0.98	0.79	1	0	42	11	1
Submission 3.2	0.49	-0.07	0.78	0	0	0	0.98	0.79	1	0	42	11	1
Submission 3.3	0.49	-0.07	0.78	0	0	0	0.98	0.79	1	0	42	11	1
Submission 4.1	0.45	0.27	0.81	0.17	0.09	1	1	0.81	0.91	1	43	10	0
Submission 4.2	0.47	0.27	0.81	0.17	0.09	1	1	0.81	0.91	1	43	10	0
Submission 4.3	0.46	0.28	0.81	0.29	0.18	0.67	0.98	0.82	0.82	2	42	9	1
Submission 5.1	0.47	-0.12	0.74	0	0	0	0.93	0.78	1	0	40	11	3
