AUC	MCC	ACC	F1	TPR	PPV	TNR	NPV	FNR	TP	TN	FN	FP
Submission 1.1	0.57	0.16	0.46	0.41	0.83	0.27	0.35	0.88	0.17	15	22	3	41
Submission 2.1	0.51	0.37	0.81	0.29	0.17	1	1	0.81	0.83	3	63	15	0
Submission 2.2	0.55	0.36	0.81	0.4	0.28	0.71	0.97	0.82	0.72	5	61	13	2
Submission 2.3	0.49	0.37	0.81	0.29	0.17	1	1	0.81	0.83	3	63	15	0
Submission 2.4	0.48	0.36	0.81	0.4	0.28	0.71	0.97	0.82	0.72	5	61	13	2
Submission 2.5	0.53	0.37	0.81	0.29	0.17	1	1	0.81	0.83	3	63	15	0
Submission 2.6	0.49	0.36	0.81	0.4	0.28	0.71	0.97	0.82	0.72	5	61	13	2
Submission 3.1	0.5	0.11	0.78	0.1	0.06	0.5	0.98	0.78	0.94	1	62	17	1
Submission 3.2	0.5	0.11	0.78	0.1	0.06	0.5	0.98	0.78	0.94	1	62	17	1
Submission 3.3	0.5	0.11	0.78	0.1	0.06	0.5	0.98	0.78	0.94	1	62	17	1
Submission 4.1	0.57	0.23	0.56	0.44	0.78	0.3	0.49	0.89	0.22	14	31	4	32
Submission 4.2	0.56	0.23	0.56	0.44	0.78	0.3	0.49	0.89	0.22	14	31	4	32
Submission 4.3	0.63	0.3	0.52	0.47	0.94	0.31	0.4	0.96	0.06	17	25	1	38
Submission 5.1	0.56	0.13	0.72	0.3	0.28	0.33	0.84	0.8	0.72	5	53	13	10
