AUC	MCC	ACC	F1	TPR	PPV	TNR	NPV	FNR	TP	TN	FN	FP
Submission 1.1	0.49	0.2	0.63	0.36	0.25	0.64	0.9	0.63	0.75	7	36	21	4
Submission 2.1	0.52	0.06	0.51	0.51	0.61	0.44	0.45	0.62	0.39	17	18	11	22
Submission 2.2	0.47	0.11	0.6	0.23	0.14	0.57	0.92	0.61	0.86	4	37	24	3
Submission 2.3	0.51	0.07	0.53	0.5	0.57	0.44	0.5	0.62	0.43	16	20	12	20
Submission 2.4	0.49	0.11	0.6	0.23	0.14	0.57	0.92	0.61	0.86	4	37	24	3
Submission 2.5	0.49	0.06	0.59	0.18	0.11	0.5	0.92	0.6	0.89	3	37	25	3
Submission 2.6	0.5	0.11	0.6	0.23	0.14	0.57	0.92	0.61	0.86	4	37	24	3
Submission 3.1	0.54	0.21	0.62	0.13	0.07	1	1	0.61	0.93	2	40	26	0
Submission 3.2	0.52	0.15	0.6	0.07	0.04	1	1	0.6	0.96	1	40	27	0
Submission 3.3	0.52	0.15	0.6	0.07	0.04	1	1	0.6	0.96	1	40	27	0
Submission 4.1	0.51	0.17	0.62	0.19	0.11	0.75	0.98	0.61	0.89	3	39	25	1
Submission 4.2	0.52	0.17	0.62	0.19	0.11	0.75	0.98	0.61	0.89	3	39	25	1
Submission 4.3	0.56	0.25	0.65	0.33	0.21	0.75	0.95	0.63	0.79	6	38	22	2
Submission 5.1	0.46	-0.08	0.47	0.38	0.39	0.37	0.52	0.55	0.61	11	21	17	19
