AUC	MCC	ACC	F1	TPR	PPV	TNR	NPV	FNR	TP	TN	FN	FP
Submission 1.1	0.64	0.27	0.86	0.15	0.08	1	1	0.86	0.92	1	69	11	0
Submission 2.1	0.55	0.18	0.81	0.29	0.25	0.33	0.91	0.88	0.75	3	63	9	6
Submission 2.2	0.5	0.09	0.75	0.23	0.25	0.21	0.84	0.87	0.75	3	58	9	11
Submission 2.3	0.56	0.18	0.81	0.29	0.25	0.33	0.91	0.88	0.75	3	63	9	6
Submission 2.4	0.56	0.14	0.75	0.29	0.33	0.25	0.83	0.88	0.67	4	57	8	12
Submission 2.5	0.57	0.18	0.81	0.29	0.25	0.33	0.91	0.88	0.75	3	63	9	6
Submission 2.6	0.55	0.14	0.75	0.29	0.33	0.25	0.83	0.88	0.67	4	57	8	12
Submission 3.1	0.62	0.18	0.65	0.33	0.58	0.23	0.67	0.9	0.42	7	46	5	23
Submission 3.2	0.62	0.18	0.65	0.33	0.58	0.23	0.67	0.9	0.42	7	46	5	23
Submission 3.3	0.62	0.18	0.65	0.33	0.58	0.23	0.67	0.9	0.42	7	46	5	23
Submission 4.1	0.7	0.39	0.79	0.48	0.67	0.38	0.81	0.93	0.33	8	56	4	13
Submission 4.2	0.69	0.39	0.79	0.48	0.67	0.38	0.81	0.93	0.33	8	56	4	13
Submission 4.3	0.67	0.39	0.88	0.38	0.25	0.75	0.99	0.88	0.75	3	68	9	1
Submission 5.1	0.48	-0.08	0.81	0	0	0	0.96	0.85	1	0	66	12	3
