Name	Class of variant	Chr	Number of Groups	Number of predictions	ID of Groups	Predictions ID
MR2409_032	Contributing factor	22:51117766:T:G	4	11	1, 2, 4, 5	1.1, 2.1, 2.2, 2.3, 2.4, 2.5, 2.6, 4.1, 4.2, 4.3, 5.1
MR2250_024	Contributing factor	14:21863113:G:C	3	9	2, 4, 5	2.1, 2.2, 2.3, 2.4, 2.5, 2.6, 4.1, 4.3, 5.1
MR2368_013	Contributing factor	3:11078549:G:A	3	9	2, 4, 5	2.1, 2.2, 2.3, 2.4, 2.5, 2.6, 4.1, 4.3, 5.1
MR1635_021	Contributing factor	11:70653140:C:T	3	8	2, 4, 5	2.1, 2.2, 2.3, 2.4, 2.5, 2.6, 4.3, 5.1
MR2189_013	Contributing factor	17:8402701:C:G	3	8	2, 4, 5	2.1, 2.2, 2.3, 2.4, 2.5, 2.6, 4.3, 5.1
MR2337_019	Contributing factor	11:70653124:C:T	2	8	2, 4	2.1, 2.2, 2.3, 2.4, 2.5, 2.6, 4.1, 4.3
MR1289_011	Contributing factor	14:21860898:C:T	1	6	2	2.1, 2.2, 2.3, 2.4, 2.5, 2.6
MR1980_004	Contributing factor	7:103243828:C:A	1	6	2	2.1, 2.2, 2.3, 2.4, 2.5, 2.6
MR2033_012	Contributing factor	7:146829601:G:A	3	6	1, 3, 4	1.1, 3.1, 3.2, 3.3, 4.1, 4.3
MR2241_029	Contributing factor	7:103130201:C:T	1	6	2	2.1, 2.2, 2.3, 2.4, 2.5, 2.6
MR2375_015	Contributing factor	11:70319321:G:A	3	5	3, 4, 5	3.1, 3.2, 3.3, 4.3, 5.1
MR1543_022	Contributing factor	7:148112649:A:C	2	4	3, 4	3.1, 3.2, 3.3, 4.3
MR1635_021	Contributing factor	5:14471497:C:T	1	1	1	1.1
MR2276_032	Disease causing	X:76909661:T:C	5	14	1, 2, 3, 4, 5	1.1, 2.1, 2.2, 2.3, 2.4, 2.5, 2.6, 3.1, 3.2, 3.3, 4.1, 4.2, 4.3, 5.1
MR414_025	Disease causing	X:153296777:G:A	4	12	2, 3, 4, 5	2.1, 2.2, 2.3, 2.4, 2.5, 2.6, 3.2, 3.3, 4.1, 4.2, 4.3, 5.1
MR2166_007	Disease causing	9:140728837:G:C	4	11	1, 2, 3, 5	1.1, 2.1, 2.2, 2.3, 2.4, 2.5, 2.6, 3.1, 3.2, 3.3, 5.1
MR2113_009	Disease causing	12:116445337:C:T	3	10	1, 2, 3	1.1, 2.1, 2.2, 2.3, 2.4, 2.5, 2.6, 3.1, 3.2, 3.3
MR2233_022	Disease causing	6:33411228:C:T	4	10	2, 3, 4, 5	2.1, 2.2, 2.3, 2.4, 2.5, 2.6, 3.2, 3.3, 4.3, 5.1
MR602_012	Disease causing	X:41401980:G:A	3	10	2, 4, 5	2.1, 2.2, 2.3, 2.4, 2.5, 2.6, 4.1, 4.2, 4.3, 5.1
MR1749_027	Disease causing	22:51160432:GA:G	3	9	2, 4, 5	2.1, 2.2, 2.3, 2.4, 2.5, 2.6, 4.1, 4.2, 5.1
MR1985_005	Disease causing	2:200213882:G:A	3	9	2, 3, 5	2.1, 2.2, 2.3, 2.4, 2.5, 2.6, 3.2, 3.3, 5.1
MR2127_002	Disease causing	6:157528165:G:T	3	9	2, 3, 5	2.1, 2.2, 2.3, 2.4, 2.5, 2.6, 3.2, 3.3, 5.1
MR2140_025	Disease causing	X:122460015:G:A	4	9	1, 2, 4, 5	1.1, 2.1, 2.2, 2.3, 2.4, 2.5, 2.6, 4.3, 5.1
MR2274_019	Disease causing	18:42531498:AAGAGC:A	3	9	2, 4, 5	2.1, 2.2, 2.3, 2.4, 2.5, 2.6, 4.1, 4.3, 5.1
MR2230_021	Disease causing	22:51153476:G:A	3	8	2, 4, 5	2.1, 2.2, 2.3, 2.4, 2.5, 2.6, 4.3, 5.1
MR2278_030	Disease causing	12:13761626:T:G	3	8	2, 4, 5	2.1, 2.2, 2.3, 2.4, 2.5, 2.6, 4.3, 5.1
MR984_012	Disease causing	5:14390392:C:T	3	8	1, 2, 5	1.1, 2.1, 2.2, 2.3, 2.4, 2.5, 2.6, 5.1
MR2019_009	Disease causing	12:13724822:C:T	2	7	2, 5	2.1, 2.2, 2.3, 2.4, 2.5, 2.6, 5.1
MR2243_023	Disease causing	9:140657209:GA:G	2	7	2, 5	2.1, 2.2, 2.3, 2.4, 2.5, 2.6, 5.1
MR1730_028	Disease causing	X:67273488:C:T	4	6	1, 3, 4, 5	1.1, 3.1, 3.2, 3.3, 4.3, 5.1
MR1974_002	Disease causing	X:154490151:A:C	3	3	1, 4, 5	1.1, 4.3, 5.1
MR2113_009	Disease causing	1:155449342:T:C	1	2	4	4.1, 4.3
MR2222_024	Disease causing	21:38858777:G:C	2	2	1, 5	1.1, 5.1
MR2033_012	Disease causing	16:89345974:CCTTCGGGG:C	1	1	5	5.1
MR2165_008	Disease causing	5:14394159:C:T	1	1	5	5.1
MR2271_029	Disease causing	22:51159718:C:T	1	1	5	5.1
MR2338_016	Disease causing	16:89346136:CAG:C	1	1	5	5.1
MR1970_004	Disease causing	22:51159830:A:TTC	0	0		
MR2039_013	Putative	16:3788561:C:T	5	14	1, 2, 3, 4, 5	1.1, 2.1, 2.2, 2.3, 2.4, 2.5, 2.6, 3.1, 3.2, 3.3, 4.1, 4.2, 4.3, 5.1
MR2322_024	Putative	X:76764055:T:A	4	13	2, 3, 4, 5	2.1, 2.2, 2.3, 2.4, 2.5, 2.6, 3.1, 3.2, 3.3, 4.1, 4.2, 4.3, 5.1
MR2272_028	Putative	10:89690828:G:A	3	12	2, 3, 4	2.1, 2.2, 2.3, 2.4, 2.5, 2.6, 3.1, 3.2, 3.3, 4.1, 4.2, 4.3
MR1769_016	Putative	3:71026867:A:C	3	8	1, 2, 5	1.1, 2.1, 2.2, 2.3, 2.4, 2.5, 2.6, 5.1
MR2007_015	Putative	11:70644598:G:A	3	8	2, 4, 5	2.1, 2.2, 2.3, 2.4, 2.5, 2.6, 4.3, 5.1
MR2340B_019	Putative	2:166165900:C:T	3	8	1, 2, 4	1.1, 2.1, 2.2, 2.3, 2.4, 2.5, 2.6, 4.3
MR1192_002	Putative	12:13720096:C:G	2	7	2, 5	2.1, 2.2, 2.3, 2.4, 2.5, 2.6, 5.1
MR2141_008	Putative	14:21876977:G:A	2	7	2, 4	2.1, 2.2, 2.3, 2.4, 2.5, 2.6, 4.3
MR2264_031	Putative	16:89349967:T:C	2	7	1, 2	1.1, 2.1, 2.2, 2.3, 2.4, 2.5, 2.6
MR2375_015	Putative	11:684897:C:T	2	7	2, 5	2.1, 2.2, 2.3, 2.4, 2.5, 2.6, 5.1
MR2389_028	Putative	14:21882498:T:C	2	7	2, 5	2.1, 2.2, 2.3, 2.4, 2.5, 2.6, 5.1
MR1975_003	Putative	18:44595922:C:T	1	6	2	2.1, 2.2, 2.3, 2.4, 2.5, 2.6
MR196_011	Putative	X:41448842:A:G	3	5	1, 4, 5	1.1, 4.1, 4.2, 4.3, 5.1
MR2374_015	Putative	7:148080864:C:T	2	4	3, 4	3.1, 3.2, 3.3, 4.3
MR1769_016	Putative	7:146829502:G:T	1	3	3	3.1, 3.2, 3.3
MR2344B_023	Putative	X:53964467:A:G	1	3	4	4.1, 4.2, 4.3
MR2053_016	Putative	2:171678594:T:C	0	0		
MR2053_016	Putative	2:171702114:C:T	0	0		
